Filename,Project,UserID,Protocol,Session,Station,Run,Subject,Trial,Time Start,Time Finish,Duration,Enter State,A1,A1,A2,A2,A3,A3,A4,A4,A[1],A[1],A[2],A[2],A[3],A[3],A[4],A[4],B1,B1,B2,B2,B3,B3,B4,B4,B[1],B[1],B[2],B[2],B[3],B[3],B[4],B[4],,Subject,Time,Current State,Transition State,Transition Event,A1 - ,A2 - ,A3 - 
1,P,LF,6,16,0,2,LF153_,0,0,150,150,1,0,0.0%,0,0.0%,6,21.3%,0,0.0%,0,0.0%,0,0.0%,6,0.0%,0,0.0%,0,0.0%,0,0.0%,0,0.0%,0,0.0%,0,0.0%,0,0.0%,0,0.0%,0,0.0%,,LF153_,0,0,1,0,0,0,0
1,P,LF,6,16,0,2,LF153_,0,150,153,3,6,0,0.0%,0,0.0%,0,0.0%,0,0.0%,0,0.0%,0,0.0%,0,0.0%,0,0.0%,0,0.0%,0,0.0%,0,0.0%,0,0.0%,0,0.0%,0,0.0%,0,0.0%,0,0.0%,,LF153_,53,1,0,0,0,0,1
1,P,LF,6,16,0,2,LF153_,1,153,850,697,2,0,0.0%,4,19.1%,7,3.9%,0,0.0%,0,0.0%,4,0.0%,7,0.0%,0,0.0%,0,0.0%,0,0.0%,0,0.0%,0,0.0%,0,0.0%,0,0.0%,0,0.0%,0,0.0%,,LF153_,58,1,0,0,0,0,0
1,P,LF,6,16,0,2,LF153_,1,850,857,7,3,0,0.0%,1,100.0%,0,0.0%,0,0.0%,0,0.0%,0,0.0%,0,0.0%,0,0.0%,0,0.0%,0,0.0%,0,0.0%,0,0.0%,0,0.0%,0,0.0%,0,0.0%,0,0.0%,,LF153_,60,1,0,0,0,0,1
1,P,LF,6,16,0,2,LF153_,1,857,860,3,5,0,0.0%,0,33.3%,0,0.0%,0,0.0%,0,0.0%,1,0.0%,0,0.0%,0,0.0%,0,0.0%,0,0.0%,0,0.0%,0,0.0%,0,0.0%,0,0.0%,0,0.0%,0,0.0%,,LF153_,82,1,0,0,0,0,0
1,P,LF,6,16,0,2,LF153_,1,860,865,5,4,0,0.0%,0,0.0%,0,0.0%,0,0.0%,0,0.0%,0,0.0%,0,0.0%,0,0.0%,0,0.0%,0,0.0%,0,0.0%,0,0.0%,0,0.0%,0,0.0%,0,0.0%,0,0.0%,,LF153_,98,1,0,0,0,0,1
1,P,LF,6,16,0,2,LF153_,1,865,871,6,8,0,0.0%,0,0.0%,0,0.0%,0,0.0%,0,0.0%,0,0.0%,0,0.0%,0,0.0%,0,0.0%,0,0.0%,0,0.0%,0,0.0%,0,0.0%,0,0.0%,0,0.0%,0,0.0%,,LF153_,99,1,0,0,0,0,0
1,P,LF,6,16,0,2,LF153_,2,871,2205,1334,2,0,0.0%,0,0.0%,3,2.1%,0,0.0%,0,0.0%,0,0.0%,3,0.0%,0,0.0%,0,0.0%,0,0.0%,0,0.0%,0,0.0%,0,0.0%,0,0.0%,0,0.0%,0,0.0%,,LF153_,100,1,0,0,0,0,1
1,P,LF,6,16,0,2,LF153_,2,2205,2212,7,3,0,0.0%,1,100.0%,0,0.0%,0,0.0%,0,0.0%,0,0.0%,0,0.0%,0,0.0%,0,0.0%,0,0.0%,0,0.0%,0,0.0%,0,0.0%,0,0.0%,0,0.0%,0,0.0%,,LF153_,104,1,0,0,0,0,0
1,P,LF,6,16,0,2,LF153_,2,2212,2215,3,5,0,0.0%,0,0.0%,0,0.0%,0,0.0%,0,0.0%,1,0.0%,0,0.0%,0,0.0%,0,0.0%,0,0.0%,0,0.0%,0,0.0%,0,0.0%,0,0.0%,0,0.0%,0,0.0%,,LF153_,105,1,0,0,0,0,1
1,P,LF,6,16,0,2,LF153_,2,2215,2220,5,4,0,0.0%,0,0.0%,0,0.0%,0,0.0%,0,0.0%,0,0.0%,0,0.0%,0,0.0%,0,0.0%,0,0.0%,0,0.0%,0,0.0%,0,0.0%,0,0.0%,0,0.0%,0,0.0%,,LF153_,108,1,0,0,0,0,1
1,P,LF,6,16,0,2,LF153_,2,2220,2226,6,8,0,0.0%,0,0.0%,0,0.0%,0,0.0%,0,0.0%,0,0.0%,0,0.0%,0,0.0%,0,0.0%,0,0.0%,0,0.0%,0,0.0%,0,0.0%,0,0.0%,0,0.0%,0,0.0%,,LF153_,150,1,6,0,0,0,0
1,P,LF,6,16,0,2,LF153_,3,2226,10267,8041,2,2,0.6%,12,6.5%,20,3.1%,0,0.0%,2,0.0%,12,0.0%,20,0.0%,0,0.0%,0,0.0%,0,0.0%,0,0.0%,0,0.0%,0,0.0%,0,0.0%,0,0.0%,0,0.0%,,LF153_,153,6,2,0,0,0,0
1,P,LF,6,16,0,2,LF153_,3,10267,10274,7,3,0,0.0%,1,100.0%,0,0.0%,0,0.0%,0,0.0%,0,0.0%,0,0.0%,0,0.0%,0,0.0%,0,0.0%,0,0.0%,0,0.0%,0,0.0%,0,0.0%,0,0.0%,0,0.0%,,LF153_,155,2,0,0,0,0,1
1,P,LF,6,16,0,2,LF153_,3,10274,10277,3,5,0,0.0%,0,100.0%,0,0.0%,0,0.0%,0,0.0%,0,0.0%,0,0.0%,0,0.0%,0,0.0%,0,0.0%,0,0.0%,0,0.0%,0,0.0%,0,0.0%,0,0.0%,0,0.0%,,LF153_,160,2,0,0,0,0,1
1,P,LF,6,16,0,2,LF153_,3,10277,10282,5,4,0,0.0%,0,20.0%,0,0.0%,0,0.0%,0,0.0%,1,0.0%,0,0.0%,0,0.0%,0,0.0%,0,0.0%,0,0.0%,0,0.0%,0,0.0%,0,0.0%,0,0.0%,0,0.0%,,LF153_,162,2,0,0,0,0,0
1,P,LF,6,16,0,2,LF153_,3,10282,10287,5,8,0,0.0%,0,0.0%,0,0.0%,0,0.0%,0,0.0%,0,0.0%,0,0.0%,0,0.0%,0,0.0%,0,0.0%,0,0.0%,0,0.0%,0,0.0%,0,0.0%,0,0.0%,0,0.0%,,LF153_,164,2,0,0,0,0,1
1,P,LF,6,16,0,2,LF153_,4,10287,12000,1713,2,0,0.0%,6,12.0%,9,1.9%,0,0.0%,0,0.0%,6,0.0%,10,0.0%,0,0.0%,0,0.0%,0,0.0%,0,0.0%,0,0.0%,0,0.0%,0,0.0%,0,0.0%,0,0.0%,,LF153_,165,2,0,0,0,0,0
,,,,,,,,,,,,,,,,,,,,,,,,,,,,,,,,,,,,,,,,,,,,,,LF153_,166,2,0,0,0,0,1
,,,,,,,,,,,,,,,,,,,,,,,,,,,,,,,,,,,,,,,,,,,,,,LF153_,167,2,0,0,0,0,1
,,,,,,,,,,,,,,,,,,,,,,,,,,,,,,,,,,,,,,,,,,,,,,LF153_,180,2,0,0,0,0,0
,,,,,,,,,,,,,,,,,,,,,,,,,,,,,,,,,,,,,,,,,,,,,,LF153_,242,2,0,0,0,0,1
,,,,,,,,,,,,,,,,,,,,,,,,,,,,,,,,,,,,,,,,,,,,,,LF153_,259,2,0,0,0,0,0
,,,,,,,,,,,,,,,,,,,,,,,,,,,,,,,,,,,,,,,,,,,,,,LF153_,274,2,0,0,0,0,1
,,,,,,,,,,,,,,,,,,,,,,,,,,,,,,,,,,,,,,,,,,,,,,LF153_,277,2,0,0,0,0,0
,,,,,,,,,,,,,,,,,,,,,,,,,,,,,,,,,,,,,,,,,,,,,,LF153_,303,2,0,0,0,1,0
,,,,,,,,,,,,,,,,,,,,,,,,,,,,,,,,,,,,,,,,,,,,,,LF153_,327,2,0,0,0,0,0
,,,,,,,,,,,,,,,,,,,,,,,,,,,,,,,,,,,,,,,,,,,,,,LF153_,381,2,0,0,0,1,0
,,,,,,,,,,,,,,,,,,,,,,,,,,,,,,,,,,,,,,,,,,,,,,LF153_,405,2,0,0,0,0,0
,,,,,,,,,,,,,,,,,,,,,,,,,,,,,,,,,,,,,,,,,,,,,,LF153_,753,2,0,0,0,1,0
,,,,,,,,,,,,,,,,,,,,,,,,,,,,,,,,,,,,,,,,,,,,,,LF153_,758,2,0,0,0,0,0
,,,,,,,,,,,,,,,,,,,,,,,,,,,,,,,,,,,,,,,,,,,,,,LF153_,759,2,0,0,0,1,0
,,,,,,,,,,,,,,,,,,,,,,,,,,,,,,,,,,,,,,,,,,,,,,LF153_,839,2,0,0,0,0,0
,,,,,,,,,,,,,,,,,,,,,,,,,,,,,,,,,,,,,,,,,,,,,,LF153_,850,2,3,2,0,1,0
,,,,,,,,,,,,,,,,,,,,,,,,,,,,,,,,,,,,,,,,,,,,,,LF153_,857,3,5,0,0,0,0
,,,,,,,,,,,,,,,,,,,,,,,,,,,,,,,,,,,,,,,,,,,,,,LF153_,858,5,0,0,0,0,0
,,,,,,,,,,,,,,,,,,,,,,,,,,,,,,,,,,,,,,,,,,,,,,LF153_,860,5,4,0,0,0,0
,,,,,,,,,,,,,,,,,,,,,,,,,,,,,,,,,,,,,,,,,,,,,,LF153_,865,4,8,0,0,0,0
,,,,,,,,,,,,,,,,,,,,,,,,,,,,,,,,,,,,,,,,,,,,,,LF153_,871,8,2,3,0,0,1
,,,,,,,,,,,,,,,,,,,,,,,,,,,,,,,,,,,,,,,,,,,,,,LF153_,885,2,0,0,0,0,0
,,,,,,,,,,,,,,,,,,,,,,,,,,,,,,,,,,,,,,,,,,,,,,LF153_,947,2,0,0,0,0,1
,,,,,,,,,,,,,,,,,,,,,,,,,,,,,,,,,,,,,,,,,,,,,,LF153_,953,2,0,0,0,0,0
,,,,,,,,,,,,,,,,,,,,,,,,,,,,,,,,,,,,,,,,,,,,,,LF153_,982,2,0,0,0,0,1
,,,,,,,,,,,,,,,,,,,,,,,,,,,,,,,,,,,,,,,,,,,,,,LF153_,990,2,0,0,0,0,0
,,,,,,,,,,,,,,,,,,,,,,,,,,,,,,,,,,,,,,,,,,,,,,LF153_,2205,2,3,2,0,1,0
,,,,,,,,,,,,,,,,,,,,,,,,,,,,,,,,,,,,,,,,,,,,,,LF153_,2212,3,5,0,0,0,0
,,,,,,,,,,,,,,,,,,,,,,,,,,,,,,,,,,,,,,,,,,,,,,LF153_,2215,5,4,0,0,0,0
,,,,,,,,,,,,,,,,,,,,,,,,,,,,,,,,,,,,,,,,,,,,,,LF153_,2220,4,8,0,0,0,0
,,,,,,,,,,,,,,,,,,,,,,,,,,,,,,,,,,,,,,,,,,,,,,LF153_,2226,8,2,3,0,0,1
,,,,,,,,,,,,,,,,,,,,,,,,,,,,,,,,,,,,,,,,,,,,,,LF153_,2245,2,0,0,0,0,0
,,,,,,,,,,,,,,,,,,,,,,,,,,,,,,,,,,,,,,,,,,,,,,LF153_,2246,2,0,0,0,0,1
,,,,,,,,,,,,,,,,,,,,,,,,,,,,,,,,,,,,,,,,,,,,,,LF153_,2247,2,0,0,0,0,0
,,,,,,,,,,,,,,,,,,,,,,,,,,,,,,,,,,,,,,,,,,,,,,LF153_,2248,2,0,0,0,0,1
,,,,,,,,,,,,,,,,,,,,,,,,,,,,,,,,,,,,,,,,,,,,,,LF153_,2249,2,0,0,0,0,1
,,,,,,,,,,,,,,,,,,,,,,,,,,,,,,,,,,,,,,,,,,,,,,LF153_,2254,2,0,0,0,0,1
,,,,,,,,,,,,,,,,,,,,,,,,,,,,,,,,,,,,,,,,,,,,,,LF153_,2256,2,0,0,0,0,1
,,,,,,,,,,,,,,,,,,,,,,,,,,,,,,,,,,,,,,,,,,,,,,LF153_,2259,2,0,0,0,0,1
,,,,,,,,,,,,,,,,,,,,,,,,,,,,,,,,,,,,,,,,,,,,,,LF153_,2301,2,0,0,0,0,0
,,,,,,,,,,,,,,,,,,,,,,,,,,,,,,,,,,,,,,,,,,,,,,LF153_,2396,2,0,0,0,0,1
,,,,,,,,,,,,,,,,,,,,,,,,,,,,,,,,,,,,,,,,,,,,,,LF153_,2402,2,0,0,0,0,0
,,,,,,,,,,,,,,,,,,,,,,,,,,,,,,,,,,,,,,,,,,,,,,LF153_,2917,2,0,0,0,1,0
,,,,,,,,,,,,,,,,,,,,,,,,,,,,,,,,,,,,,,,,,,,,,,LF153_,2980,2,0,0,0,0,0
,,,,,,,,,,,,,,,,,,,,,,,,,,,,,,,,,,,,,,,,,,,,,,LF153_,3371,2,0,0,0,1,0
,,,,,,,,,,,,,,,,,,,,,,,,,,,,,,,,,,,,,,,,,,,,,,LF153_,3527,2,0,0,0,0,0
,,,,,,,,,,,,,,,,,,,,,,,,,,,,,,,,,,,,,,,,,,,,,,LF153_,3547,2,0,0,0,1,0
,,,,,,,,,,,,,,,,,,,,,,,,,,,,,,,,,,,,,,,,,,,,,,LF153_,3565,2,0,0,0,0,0
,,,,,,,,,,,,,,,,,,,,,,,,,,,,,,,,,,,,,,,,,,,,,,LF153_,5776,2,0,0,0,1,0
,,,,,,,,,,,,,,,,,,,,,,,,,,,,,,,,,,,,,,,,,,,,,,LF153_,5861,2,0,0,0,0,0
,,,,,,,,,,,,,,,,,,,,,,,,,,,,,,,,,,,,,,,,,,,,,,LF153_,5862,2,0,0,0,1,0
,,,,,,,,,,,,,,,,,,,,,,,,,,,,,,,,,,,,,,,,,,,,,,LF153_,5879,2,0,0,0,0,0
,,,,,,,,,,,,,,,,,,,,,,,,,,,,,,,,,,,,,,,,,,,,,,LF153_,5882,2,0,0,0,1,0
,,,,,,,,,,,,,,,,,,,,,,,,,,,,,,,,,,,,,,,,,,,,,,LF153_,5888,2,0,0,0,0,0
,,,,,,,,,,,,,,,,,,,,,,,,,,,,,,,,,,,,,,,,,,,,,,LF153_,5895,2,0,0,0,0,1
,,,,,,,,,,,,,,,,,,,,,,,,,,,,,,,,,,,,,,,,,,,,,,LF153_,5899,2,0,0,0,0,0
,,,,,,,,,,,,,,,,,,,,,,,,,,,,,,,,,,,,,,,,,,,,,,LF153_,6797,2,0,0,1,0,0
,,,,,,,,,,,,,,,,,,,,,,,,,,,,,,,,,,,,,,,,,,,,,,LF153_,6835,2,0,0,0,0,0
,,,,,,,,,,,,,,,,,,,,,,,,,,,,,,,,,,,,,,,,,,,,,,LF153_,6842,2,0,0,1,0,0
,,,,,,,,,,,,,,,,,,,,,,,,,,,,,,,,,,,,,,,,,,,,,,LF153_,6856,2,0,0,0,0,0
,,,,,,,,,,,,,,,,,,,,,,,,,,,,,,,,,,,,,,,,,,,,,,LF153_,6983,2,0,0,0,1,0
,,,,,,,,,,,,,,,,,,,,,,,,,,,,,,,,,,,,,,,,,,,,,,LF153_,6984,2,0,0,0,0,0
,,,,,,,,,,,,,,,,,,,,,,,,,,,,,,,,,,,,,,,,,,,,,,LF153_,7382,2,0,0,0,1,0
,,,,,,,,,,,,,,,,,,,,,,,,,,,,,,,,,,,,,,,,,,,,,,LF153_,7388,2,0,0,0,0,0
,,,,,,,,,,,,,,,,,,,,,,,,,,,,,,,,,,,,,,,,,,,,,,LF153_,7400,2,0,0,0,1,0
,,,,,,,,,,,,,,,,,,,,,,,,,,,,,,,,,,,,,,,,,,,,,,LF153_,7477,2,0,0,0,0,0
,,,,,,,,,,,,,,,,,,,,,,,,,,,,,,,,,,,,,,,,,,,,,,LF153_,7480,2,0,0,0,1,0
,,,,,,,,,,,,,,,,,,,,,,,,,,,,,,,,,,,,,,,,,,,,,,LF153_,7547,2,0,0,0,0,0
,,,,,,,,,,,,,,,,,,,,,,,,,,,,,,,,,,,,,,,,,,,,,,LF153_,7569,2,0,0,0,1,0
,,,,,,,,,,,,,,,,,,,,,,,,,,,,,,,,,,,,,,,,,,,,,,LF153_,7579,2,0,0,0,0,0
,,,,,,,,,,,,,,,,,,,,,,,,,,,,,,,,,,,,,,,,,,,,,,LF153_,7645,2,0,0,0,0,1
,,,,,,,,,,,,,,,,,,,,,,,,,,,,,,,,,,,,,,,,,,,,,,LF153_,7648,2,0,0,0,0,0
,,,,,,,,,,,,,,,,,,,,,,,,,,,,,,,,,,,,,,,,,,,,,,LF153_,7668,2,0,0,0,1,0
,,,,,,,,,,,,,,,,,,,,,,,,,,,,,,,,,,,,,,,,,,,,,,LF153_,7684,2,0,0,0,0,0
,,,,,,,,,,,,,,,,,,,,,,,,,,,,,,,,,,,,,,,,,,,,,,LF153_,7695,2,0,0,0,0,1
,,,,,,,,,,,,,,,,,,,,,,,,,,,,,,,,,,,,,,,,,,,,,,LF153_,7703,2,0,0,0,0,0
,,,,,,,,,,,,,,,,,,,,,,,,,,,,,,,,,,,,,,,,,,,,,,LF153_,7704,2,0,0,0,0,1
,,,,,,,,,,,,,,,,,,,,,,,,,,,,,,,,,,,,,,,,,,,,,,LF153_,7715,2,0,0,0,0,0
,,,,,,,,,,,,,,,,,,,,,,,,,,,,,,,,,,,,,,,,,,,,,,LF153_,7735,2,0,0,0,0,1
,,,,,,,,,,,,,,,,,,,,,,,,,,,,,,,,,,,,,,,,,,,,,,LF153_,7811,2,0,0,0,0,0
,,,,,,,,,,,,,,,,,,,,,,,,,,,,,,,,,,,,,,,,,,,,,,LF153_,7816,2,0,0,0,0,1
,,,,,,,,,,,,,,,,,,,,,,,,,,,,,,,,,,,,,,,,,,,,,,LF153_,7919,2,0,0,0,0,0
,,,,,,,,,,,,,,,,,,,,,,,,,,,,,,,,,,,,,,,,,,,,,,LF153_,7943,2,0,0,0,0,1
,,,,,,,,,,,,,,,,,,,,,,,,,,,,,,,,,,,,,,,,,,,,,,LF153_,7944,2,0,0,0,0,0
,,,,,,,,,,,,,,,,,,,,,,,,,,,,,,,,,,,,,,,,,,,,,,LF153_,7951,2,0,0,0,0,1
,,,,,,,,,,,,,,,,,,,,,,,,,,,,,,,,,,,,,,,,,,,,,,LF153_,7952,2,0,0,0,0,0
,,,,,,,,,,,,,,,,,,,,,,,,,,,,,,,,,,,,,,,,,,,,,,LF153_,7955,2,0,0,0,0,1
,,,,,,,,,,,,,,,,,,,,,,,,,,,,,,,,,,,,,,,,,,,,,,LF153_,7957,2,0,0,0,0,0
,,,,,,,,,,,,,,,,,,,,,,,,,,,,,,,,,,,,,,,,,,,,,,LF153_,8026,2,0,0,0,0,1
,,,,,,,,,,,,,,,,,,,,,,,,,,,,,,,,,,,,,,,,,,,,,,LF153_,8033,2,0,0,0,0,0
,,,,,,,,,,,,,,,,,,,,,,,,,,,,,,,,,,,,,,,,,,,,,,LF153_,8074,2,0,0,0,0,1
,,,,,,,,,,,,,,,,,,,,,,,,,,,,,,,,,,,,,,,,,,,,,,LF153_,8075,2,0,0,0,0,0
,,,,,,,,,,,,,,,,,,,,,,,,,,,,,,,,,,,,,,,,,,,,,,LF153_,8091,2,0,0,0,0,1
,,,,,,,,,,,,,,,,,,,,,,,,,,,,,,,,,,,,,,,,,,,,,,LF153_,8093,2,0,0,0,0,0
,,,,,,,,,,,,,,,,,,,,,,,,,,,,,,,,,,,,,,,,,,,,,,LF153_,10267,2,3,2,0,1,0
,,,,,,,,,,,,,,,,,,,,,,,,,,,,,,,,,,,,,,,,,,,,,,LF153_,10274,3,5,0,0,0,0
,,,,,,,,,,,,,,,,,,,,,,,,,,,,,,,,,,,,,,,,,,,,,,LF153_,10277,5,4,0,0,0,0
,,,,,,,,,,,,,,,,,,,,,,,,,,,,,,,,,,,,,,,,,,,,,,LF153_,10278,4,0,0,0,0,0
,,,,,,,,,,,,,,,,,,,,,,,,,,,,,,,,,,,,,,,,,,,,,,LF153_,10282,4,8,0,0,0,0
,,,,,,,,,,,,,,,,,,,,,,,,,,,,,,,,,,,,,,,,,,,,,,LF153_,10287,8,2,3,0,0,1
,,,,,,,,,,,,,,,,,,,,,,,,,,,,,,,,,,,,,,,,,,,,,,LF153_,10300,2,0,0,0,0,0
,,,,,,,,,,,,,,,,,,,,,,,,,,,,,,,,,,,,,,,,,,,,,,LF153_,10302,2,0,0,0,0,1
,,,,,,,,,,,,,,,,,,,,,,,,,,,,,,,,,,,,,,,,,,,,,,LF153_,10305,2,0,0,0,0,1
,,,,,,,,,,,,,,,,,,,,,,,,,,,,,,,,,,,,,,,,,,,,,,LF153_,10306,2,0,0,0,0,1
,,,,,,,,,,,,,,,,,,,,,,,,,,,,,,,,,,,,,,,,,,,,,,LF153_,10307,2,0,0,0,0,1
,,,,,,,,,,,,,,,,,,,,,,,,,,,,,,,,,,,,,,,,,,,,,,LF153_,10366,2,0,0,0,0,0
,,,,,,,,,,,,,,,,,,,,,,,,,,,,,,,,,,,,,,,,,,,,,,LF153_,10450,2,0,0,0,0,1
,,,,,,,,,,,,,,,,,,,,,,,,,,,,,,,,,,,,,,,,,,,,,,LF153_,10456,2,0,0,0,0,0
,,,,,,,,,,,,,,,,,,,,,,,,,,,,,,,,,,,,,,,,,,,,,,LF153_,10991,2,0,0,0,1,0
,,,,,,,,,,,,,,,,,,,,,,,,,,,,,,,,,,,,,,,,,,,,,,LF153_,11000,2,0,0,0,0,0
,,,,,,,,,,,,,,,,,,,,,,,,,,,,,,,,,,,,,,,,,,,,,,LF153_,11079,2,0,0,0,1,0
,,,,,,,,,,,,,,,,,,,,,,,,,,,,,,,,,,,,,,,,,,,,,,LF153_,11085,2,0,0,0,0,0
,,,,,,,,,,,,,,,,,,,,,,,,,,,,,,,,,,,,,,,,,,,,,,LF153_,11093,2,0,0,0,0,1
,,,,,,,,,,,,,,,,,,,,,,,,,,,,,,,,,,,,,,,,,,,,,,LF153_,11099,2,0,0,0,0,0
,,,,,,,,,,,,,,,,,,,,,,,,,,,,,,,,,,,,,,,,,,,,,,LF153_,11100,2,0,0,0,0,1
,,,,,,,,,,,,,,,,,,,,,,,,,,,,,,,,,,,,,,,,,,,,,,LF153_,11119,2,0,0,0,1,0
,,,,,,,,,,,,,,,,,,,,,,,,,,,,,,,,,,,,,,,,,,,,,,LF153_,11170,2,0,0,0,0,0
,,,,,,,,,,,,,,,,,,,,,,,,,,,,,,,,,,,,,,,,,,,,,,LF153_,11173,2,0,0,0,0,1
,,,,,,,,,,,,,,,,,,,,,,,,,,,,,,,,,,,,,,,,,,,,,,LF153_,11180,2,0,0,0,0,0
,,,,,,,,,,,,,,,,,,,,,,,,,,,,,,,,,,,,,,,,,,,,,,LF153_,11237,2,0,0,0,1,0
,,,,,,,,,,,,,,,,,,,,,,,,,,,,,,,,,,,,,,,,,,,,,,LF153_,11244,2,0,0,0,0,0
,,,,,,,,,,,,,,,,,,,,,,,,,,,,,,,,,,,,,,,,,,,,,,LF153_,11252,2,0,0,0,1,0
,,,,,,,,,,,,,,,,,,,,,,,,,,,,,,,,,,,,,,,,,,,,,,LF153_,11262,2,0,0,0,0,0
,,,,,,,,,,,,,,,,,,,,,,,,,,,,,,,,,,,,,,,,,,,,,,LF153_,11635,2,0,0,0,1,0
,,,,,,,,,,,,,,,,,,,,,,,,,,,,,,,,,,,,,,,,,,,,,,LF153_,11757,2,0,0,0,0,0
,,,,,,,,,,,,,,,,,,,,,,,,,,,,,,,,,,,,,,,,,,,,,,LF153_,12000,2,-1,0,0,0,0
